10 6
name    SCI   TECH    COM  CS106  SE309  CS101
Tom      88     77     66     55     44     33
Jerry    50    100     60    100     50    100
Zhang3   90   95.5     60     75     82     18
Li4      38     45     62     29     74     85
Wang5    88     75     63     36     99   33.3
Zhao6    99     99   99.5   97.5     42    100
Liu7     80     80   80.5   81.5   82.5     83
Wang8     7      6      5      4      3      2
Song9    10     20     30     40     50     60
Ma10     74   79.5     73     71     70     77
